2024-05-23T17:33:45.783537
All
202520
202510
202440
202430
202420
202410
202340
202330
202320
202310
202240
202230
202220
202210
202140
202130
202120
202110
202040
202030
202020
202010
201940
201930
201920
201910
201840
201830
201820
201810
201740
201730
201720
201710
201640
201630
201620
201610
201540
201530
201520
201510
201440
201430
201420
201410
201340
201330
201320
201310
201240
201230
201220
201210
201140
201130
201120
201110
201040
201030
201020
201010
200940
200930
200920
200910
200840
200830
200820
200810
200740
200730
200720
200710
200640
200630
200620
200610
200540
200530
200520
200510
200440
200430
200420
200410
200340
